7³0 Cap. CLXsslsDo commoratione 1111111111.

111111 11 1111111111 111111 111111, 111 11111111 11111111111111111
11111 1111111111 111111111111111111111. 111111111111111 111-
11111,111111111111 1111, 11111111, 1111111111, 11111111111111, 111
111111, 1111111111111111111, 11111 111111 111111111111, 111 1111111111
1111 1111111 11111111 Ι11111111111111111111111111 11 fotor· 111
1111111111 11 1111111 1111111111. our flgolr, 11111111111111111111,
11111111111111 111, 11111 11111 1111111 provio, 11111111 1111
1111111 111111, 11111 1111111 porros 111 111111111 111 11111 111-
11111 11 11111 1111111 111 torto poeno, 11111 1111111111 11111111
11111 1111 1111111111 11111111111111, por 1111 11111111111111111,
11111111, 1111 11111111111111 1111111 11 1111111111 1111111 11
111 1111111111 1111 1111111111 11111111111111, 11111111 11111,
1111 11111 11 1111111111. 111111111111111111 111, 1111 1111
111111 1111111 1111111111 1111 1111111111111111111111111111111.
11, 11 1111111111 1111111111, 1111111111. orooro-ouon 111111 11111-
11111111111111111111111111111, 1111 11111 11111111 11111111 11-
sperono 111111 11111 1111111111 111 11111111111111111111111
11Ιί, 111 111111111111, 1111111111 1111 1111, 111111111111
. 1311111111 1111 1111111, 111 111111111111, 11111111111111111111
11111111, 1111111111111 11111111 1111111111, 111 1111111111 11·
11111, 111 11111 111111111111111111111111111. 1111111111 11111
1111111, 111 111111 1111, 1111111111111, 111 1111111111 1111111,
111111111 purgatorio, 111111 modo 111 Ro 11111 1111111111·
11111, 1111 {pron 11111111 1111111111, 1111111111111111, 1111,
111 11111111111111 1111111111 1111111111, do 1111111 1111111111
111111111111111111. 1111111111111 111111 11111111111111, 111111
11111111111111111111111. 1111111111 111111 111111111 111, 1111
11111111111111 1111111111111111, 111 111111111111111111111 11
111111111111111111. 1111111111, 111 1111111111111111, 11111-
1111111, 1111 purgantur 11 111111 1111 11111 11111111111111,
111 1111111111111111, 11111111 1111111111 ploro-oron 1111111111,
11111 11111 11111111, qood 111 111111 11 1111111111111. 111 11111
111 11111111 dispensationem 111111111111111111 11111111 111-
1111111 1111111111, 11111 1111111111 1111111, 111111111111111111
111111 lovon 1111111111 111 proptor 111111 111111111111111111111
111 proptor 1111111 111111111111 1111111111111111 11 1111 por·
11111111111 111 proptor 1111111111111111111111. 111111 proptor
11111 111111 1111111111, 11111111111111111111111 1111111111 11-

11 td. 11. 111111 111 11111111111111111111111111.

 

