Cap. Lxrv. De 1111111 Fabiano. 291

111111 1111110111 1111111 1111 nor 1111111, 111 1111111111111 111-
11111 beau 1111111111 dedisti 11111111, 111111111111111. 11111-
11111 11111111111111111 111111 111111 11 1111111111 1111111111111
111111111111111111 11111111 1111 -- ·- 11. Anno 1111111 11110111
11 1111111111111111111111111111111111111 Benedictus, 111 tibias
1111111 hahebat 11 111111 11111111, ventrem 1111111111 111111
praegnantis, 1111111 11111111111111111111111111111, 1111111111 111-
111 11111111,11111111111111 aliquod 1111111111. 11111111 11111111
111111111111111111111111 111111111111 ele-ninam 1111111, 1111
1111111111 magra 11111, qaam allo 11111 indige-raa, 111 11111111-
11111 1111111111 ao 1111111 1111111111111111111111111111111111111
11111111 111111Ρ1111 1111111111 11111111. 1111 111111 eurr 11111 ad
1111111 1111111 11111111 11 ostiara 1111111111111111111111, 11111
portu 11 111111 11 1111111111 111111 quida· 1111111111 11 1111111
11111111111111 11111 apparuit 1111111 1111111 11111111 an 111 ’
11111111 1111111111, 1111 111111 1111111111 1111 11111111 aa 1111 11-
11111 11 11111111 sanatura 11111111 1111111111 ara-ararim 1111111
11 11111111, rara riderent 1111111111 11111 11111111 1111 1111111
11111 1111111111 111111 1111111111.

111. 1111. ”)
Do 1111111 Fabiano.

11111111 1111111111 1111111111111 1111111111 1111111111111 111-
111 1111111111111111111111111 1111 1111 1111111111 1111111111· .
11111 111111 Romae, 11111111 1111111 111 111111 1111111111 multia 11-
111 111 1111111111. 1111 passiones 1111111111, quaa 1111111111 111- ·
raptura 11111111, 11111 111111 11 1111111 11 1111111 1111111111 11111-
111111111111111111111111111111, quas 11 111111111. 1111111ιί111, 111

chrisma 11111 1111111111111111111 orani 11111 111 111111111111111- 1

1111111111. 11111111111111111111111111111111 sebastiani martinam.

111111 11111 amrin 1111. 1111111οή111.

μ

 

