731 0111011111, ,1)1111111111111111 animorum.

1111111111 extendisset, 1111 1111111111 111 sudoris 1111111,
11111111111111111111 11111111 quusi sugitis 111111 periurum, 1111111
1111111111 11111111111111. 11111111111111 iuius. 1111 igitur
1111111111111111 1111111 1111111111 perterritus 11111111 11111111-
rii 11111111 11 1111111111 1111111,1111 1111 scholaribus 1111-
11111111 111 111111111111111
1111111111 11111,111 corsis, 1111111 11111
, 1111111111 purgo, 1111 mosiis 111 111111 ergo.

111111 1111111 1111111111 religionen 11111111. 011111 propior

. 1111111111 1111 perpetrationem, 11111111111111 1111111111 1111111-

111 111111111111111111111, 11 111111 1111111111, sirus 111111
1111 11111 1111111111, 1111 1111111 Gregorius 11111111 1111111111.
011111111111 1111111111, 1111111111 11111111, 11111111 sirum
iuoogniiuro 111111111111111 1111111111 1111111, 111 11111111
1111 111111 111111111111.Ι Qui 111 111111 111111111111111111 11
11111111111111 1111111 1111111 1111111111 1111 1111111111, iiis
1111111 respoudit: 1111 1111711111 111, putori 1111 1111111111
111, 11111111 1111111111111111111111, 11111111 11111111111111
1111 domiuus 111, 111 pro 111111 usis 11111111111111 11111111-
11111111 111, 111 111111, ui 1111111111ιί 1111 1111 1111111 pro
poossiis 1111 11111111 11111111111111111111 cognosse, 111 111
11 1111111111 sonoris 11 1111111111 111111111. 11111111111111 111
1111111111111111 1111111111 pro 11 111111111111111 11111111 1111-
sersus 111 jsur 11111111111111 Ouinio propior 11111111 111111111-
111111, 111111111111, 111111111111111111 111111111111 1111111
1111111111 11111111111111111111, cuius 1111111111 posi 111111
111111 1111111111 11111111. Gir-os 11111111, 1111 111111111111111,

. 1111111111111111 11111 11 ipsis 1111111111, 11111111, 1111111

11 111, pso 111111 1111, 11111111 11111111 1111 iusi cirus
11111111, 1111 irrui, 11111111, 1111 1111111 1111111111 111111-
giorum, 1111 11111111111111111111111, 11111111 111111111111·
1111111111, 11111111111111111111, soluturis 1111111 1111111111
1111111111 1111111111. 0111111111111111111111111, 11111111
11111111 orosio iis 1111111, 1111111111 exemplum 11 1111111111, 11111
Gregorius 11 lv. Libro 1111111111 111111, 1111, 111 11111111
sonoritatis 11 11111111 1111111111 11 11111111111111111111111111
111111 11111111, 1111 11111 1111111111 11 11111 1111111 11111111
1111111111, 1111111111111111111 11111 ux orsors 1111111111
1111111111 1111 11111111111111111111 1111111 1111111111 1111111

 

