lt 011111. 111111111111111111111111.

1111111111. 11111111111111111111.1111111111, 1111 11111 terente

Α 1111111111 1111111111 11 11111111111111111, quta 11 1131111111

1111111 1111111111. Sintttter 111 111 1111111111 111 11111111
111111111111. 8111111111111111111111 1111111111, quta quarto
1111111 1111111111 111, 111 111111111111111. Tertte propter 1111 111
1111111111, 11111111111111111 dilatentur, 1111 11111111111111111
1111111111 peteretur. 111111111111 1111111111111111111111 trt-
ptteerr 1111111111. 111 1111 sententie 1111111111 11111111111111111
pepe. Prtrre 1111111111111111111111111, 11111 11111111 1111111
1111111 hebet, 111111111111111111111111111111, dtgrttete 11
potestate, 1111 111 1111111111 1111111111111111111111111111111111
1111111111. 11111 111111 11 11111111 11111, 111111111111111111
teret. 8111111 prepter 11111111 1111111111, omnia 11111 1111111111
11111111 1111111111 11111111 1111 erunt et 1111111111. 1111111111
1111111111 1111, 11 1111111111111111111 tn 1111111 1111111 111111
demonstrabuntur. ’111111 1111111111 11111111111111 Nihil 11111,
1111111111111, 1111111111 patitur, ted 111111 1111111111, 11

¹ 11111111111111111111.

111. 11
111 cenete Andree 1111111111.

,1111111 Interpretatur 1111111 111 1111111111 111 virttis 11111-
111·), qued 111111; 1111111111111, 11111111111111, 1. 1111111,
ab 111, qued 1111111111, 11 tropos, qued 111 cenversio. 11111111-
1111 11 111111111 111111111 1111 111111111111111111111 tuit Ergo
1111111111 1111, respondent 1111111111111111, 1111111 1111111 et
' antropos 11 glorta. 111111111111111111111111111111111111111111
11111111, 11111 111111 1111 11111111, conscripserunt.

1. 11111111 et 1111111111 1111111111 11111111 11111111 111111111-
1111 111111. 1111111111111111111 11 1111 11111111. sieut quande·
111111 111111 111 1111111 1111111111 1111111111 1111 etalio 11111
1111111111, 11111111111111111 11111 11111111 111. 11 1111111 1111
1111 1111111111 renitet vidit. 1111 111111111111 111111111111111

1111111111, 1111111111. 1111111111111111.

 

