618 Cap. CXLIX. 1111111111111111111.

111 11111111 Dei 111 111111111111111111, 1111111111111111·
11111. 1111111111111011111111, 1111 111111 111 111111 rm·
’11111 1111111111 1111111111111 pergeret, 111111111111111111
11111111 111 1111111 ex errore 11111111111111111111111111111111111-
111111 relinquitur. 111111111111111 11 guttere 11111111111111 111111
11 extrahere 111 111111 11111111. 1111111111 1111111111 11 einer
et 11 11111111 1111111111111111. (1111 1111111111 1111111111·
1111111111111111111111 1111111111, 1111 eleuare eoepit: 111
1111111,1111111111111 1111111111, 11111 11111111 te 11111.
8111111 1111 1111111 1111111111111111111111 1111111, 11 1111111
extraheret, 11111111111111111 11111111 11111111, 1111111111111111
laetetur 11111 pugilis, 111111111111111, 1111111111 iiie 11111111 11-
11111 11 erexit 1111111 1111111111111111 11111 venientemque
stigmate 11111 1111111111 11111111111111111111111 111111 1111111

11111111111 11111111 11111111 111111111; 111 1111 111111111111111,
1111 11111111, 11 11111111 1111111111, 111111111111111111111-
111111. (ieret 111111111111111111 11111111111111 stigmatibus
1111111 1111111111 guttur 1111111111 11111111 1111111. 111111

itone 1111111111111111111 uetiti-,et 111111 1111111111 11 111111
11111111111111111111111111111111, 111 111111111111111111 11111111,
1111111 dixitque 111 1111111111 111 111111111111 1111111 inertia
111111111 11 1111111111, 111 1111111111 111111111111111111111-
111111. 11111111 1111111 11 1111111111111111 eontentio: 11111
111111 1111111111 Frentinum. 11 11 111111111111 11111111111111-
enei, 11111111 respondendo 1111111111 obediret. Dixit erge 111111
111111111111 1111111,111111111, 11 1111111111, 1111111111 1111
1111111 nei 111 1111111 111111111111111, 11 1111111111111111
11111111 dignitatis. Peet 111 1111111111 11111111111111111111111
1111111, 11111111 1111 1111111111 1111111 1111, 1111111111 11111111

¹ 1111111111. igiter 111111 1111111111111111111111111111111111111

111111 ereetum 11 111111111111111111111111, praedicet 111111,
1111111 111 111, 111111111 11111111111111111111111 11111111
1111111111, rim 11 11111111111 garrirent, 1111 1111111111 11111111
11111111111. 11111111111111 juxte 111111111111111111 111
11111111 frequenter 1111111, quam 11111111111111111111111-
ertit dieeee: 11111 1111 111111 111111 111. 11111 111111 11111111
11111 eine 1111111 1111111111 11111111 11111, rerer 1111111111,
1111111111 1111111111. 11111 11111111 111111 1111111 1111111111
retersit 11111111111111, 1111111111 11 11111111 111111 11111111

 

